1 28 7612
1 45 6542
1 80 16096
1 110 2190
1 247 11786
1 299 19741
1 302 1512
1 400 3765
1 418 18629
1 419 17430
1 421 12756
1 464 16773
2 36 3618
2 71 10850
2 100 228
2 104 15378
2 258 14307
2 279 1622
2 290 2104
2 309 14724
2 427 7389
2 478 9605
3 19 3020
3 22 1536
3 36 14166
3 93 17353
3 111 19688
3 119 4053
3 129 15283
3 138 4717
3 159 1089
3 164 8800
3 181 3998
3 183 5084
3 184 14779
3 217 19210
3 247 881
3 322 18638
3 359 14285
3 370 1884
3 380 17502
3 395 7615
3 409 3804
3 416 18653
3 456 10645
3 473 18891
3 480 7021
4 24 9681
4 94 9434
4 136 19433
4 188 7134
4 201 5279
4 219 12946
4 236 18903
4 264 9913
4 273 15935
4 274 15015
4 311 6148
4 339 12194
4 344 11958
4 347 17734
4 353 10313
4 355 8639
4 449 2768
4 456 852
4 469 3645
4 488 5638
4 490 16109
5 10 18665
5 17 4434
5 51 6251
5 56 4238
5 91 8648
5 100 6533
5 106 3271
5 125 514
5 131 12888
5 177 6071
5 183 10585
5 199 6797
5 206 4494
5 209 2650
5 282 16092
5 314 318
5 315 9745
5 321 17037
5 323 5999
5 334 2633
5 353 11143
5 370 17218
5 400 16549
5 403 18267
5 478 16872
5 498 8890
6 7 2314
6 20 643
6 29 2925
6 86 16788
6 171 880
6 176 8169
6 199 275
6 210 11336
6 254 11853
6 260 168
6 273 19151
6 327 3656
6 347 14325
6 397 19423
6 404 14446
6 418 1587
6 424 16982
7 8 4497
7 21 12265
7 43 824
7 45 10953
7 51 10677
7 84 3928
7 205 2235
7 264 1355
7 292 9232
7 310 18502
7 329 6256
7 346 3872
7 383 14724
7 399 13303
7 410 2886
7 435 10620
7 451 4412
8 147 2725
8 150 8971
8 154 17722
8 184 18809
8 193 4123
8 197 6680
8 202 14870
8 225 10714
8 300 11027
8 303 13858
8 319 10027
8 326 19349
8 351 3427
8 476 15470
9 36 6958
9 37 16154
9 90 921
9 156 11259
9 164 1490
9 177 8645
9 226 14868
9 233 10950
9 254 6692
9 269 4144
9 322 8267
9 428 14429
9 431 14093
10 13 912
10 27 9020
10 86 8766
10 88 13276
10 90 18305
10 108 10258
10 115 2222
10 121 4111
10 158 17535
10 162 12930
10 173 10164
10 195 547
10 247 6953
10 256 7342
10 257 7581
10 279 10438
10 312 18785
10 345 2773
10 346 3397
10 356 16880
10 387 15586
10 406 8982
10 419 4542
10 431 19061
10 435 15734
10 440 16346
10 454 14897
10 459 7460
11 1 17316
11 19 15724
11 24 18291
11 56 6909
11 117 15774
11 160 8169
11 191 14237
11 198 10518
11 207 8896
11 218 14382
11 232 10619
11 238 14379
11 265 13125
11 270 8824
11 294 5259
11 359 11853
11 364 12056
11 381 4352
11 439 309
11 474 18762
11 491 1126
12 11 10908
12 52 8577
12 77 7236
12 80 16536
12 118 8286
12 119 5852
12 166 17039
12 180 13757
12 189 3555
12 190 16438
12 207 335
12 225 2635
12 235 6209
12 251 13414
12 264 16971
12 266 11993
12 272 5304
12 274 7479
12 276 5671
12 323 10803
12 384 12388
12 397 15193
12 400 11725
12 433 14296
12 468 10136
12 480 9096
13 13 14294
13 42 15841
13 46 5241
13 52 5227
13 66 16194
13 84 5427
13 89 15728
13 158 7635
13 178 17696
13 183 11958
13 192 3643
13 245 783
13 272 11468
13 276 8293
13 314 6064
13 322 3618
13 347 8586
13 354 18673
13 398 247
13 409 10269
13 464 7383
13 493 19654
14 19 4766
14 39 4922
14 70 12684
14 77 1622
14 136 15596
14 148 7541
14 151 10132
14 163 15309
14 185 14793
14 195 9116
14 197 18510
14 200 16388
14 203 18479
14 213 11201
14 247 10205
14 275 14126
14 277 11244
14 281 16643
14 285 19225
14 321 4645
14 357 6370
14 378 1670
14 383 15723
14 395 10476
14 401 9397
14 412 14769
14 413 10627
14 429 18441
14 458 11603
14 461 4390
15 9 4110
15 22 18194
15 33 19648
15 42 1465
15 49 7822
15 79 2415
15 88 13544
15 99 2560
15 106 6564
15 125 122
15 138 16591
15 150 17412
15 153 9630
15 163 10805
15 172 18315
15 184 6642
15 188 19001
15 250 6200
15 273 19122
15 295 7812
15 329 3327
15 331 1081
15 337 19645
15 351 6318
15 355 10423
15 365 18995
15 375 5803
15 376 8691
15 388 14066
15 394 12719
15 445 4027
16 28 5430
16 96 1354
16 130 3555
16 145 6575
16 163 10273
16 193 2035
16 203 7450
16 208 6269
16 222 18982
16 230 13914
16 233 2755
16 255 15285
16 263 17176
16 310 5406
16 339 5201
16 354 11928
16 380 9417
16 381 2949
16 383 218
16 384 12025
16 388 4916
16 392 2451
16 398 15279
16 420 15466
16 429 17179
16 437 15740
16 444 14075
17 1 1750
17 7 1553
17 13 12634
17 64 8177
17 65 4729
17 66 17419
17 77 19210
17 89 9839
17 189 9719
17 203 7514
17 222 7200
17 225 13396
17 238 16261
17 254 13798
17 271 6882
17 283 10937
17 330 9354
17 334 3895
17 371 1443
17 409 9979
17 436 17278
17 440 16551
17 444 16235
17 455 9905
17 484 782
17 496 11089
18 21 19265
18 57 5391
18 79 15489
18 84 4620
18 91 2038
18 160 12288
18 162 16454
18 164 16926
18 177 10571
18 186 13746
18 214 9513
18 296 10701
18 316 18479
18 344 15058
18 354 490
18 365 9198
18 374 7725
18 378 10044
18 419 4811
18 437 17883
18 442 7591
18 474 12846
19 8 7881
19 71 640
19 111 17094
19 122 12610
19 123 16216
19 154 16662
19 173 12221
19 191 6250
19 192 8507
19 203 1613
19 204 16818
19 213 19748
19 248 14265
19 266 15874
19 270 15747
19 290 12164
19 300 14461
19 301 17578
19 344 13622
19 363 18426
19 435 488
19 439 2106
19 450 19761
19 478 11820
19 482 19519
19 494 13286
20 4 16034
20 24 12266
20 52 8720
20 106 12418
20 149 4938
20 154 5430
20 161 13925
20 169 4720
20 232 9887
20 271 5346
20 307 5390
20 316 19515
20 370 8712
20 386 17523
20 415 11900
20 453 19376
20 494 4810
20 500 7336